0       1690    1898    1789    260     1075    265     1027    450     979
1690    0       1430    1782    1840    1704    1653    1704    197     1120
1898    1430    0       1583    144     1483    930     874     771     1209
1789    1782    1583    0       856     878     498     237     1528    879
260     1840    144     856     0       1144    202     802     1041    1205
1075    1704    1483    878     1144    0       629     449     525     1002
265     1653    930     498     202     629     0       1734    1315    578
1027    1704    874     237     802     449     1734    0       276     1638
450     197     771     1528    1041    525     1315    276     0       1562
979     1120    1209    879     1205    1002    578     1638    1562    0
0,0 1,0 0,0 : 4904,00
0,0 1,0 0,1 : 4904,00
0,0 1,0 0,2 : 4964,00
0,0 1,0 0,3 : 4943,00
0,0 1,0 0,4 : 4904,00
0,0 1,0 0,5 : 4904,00
0,0 1,0 0,6 : 4943,00
0,0 1,0 0,7 : 4951,00
0,0 1,0 0,8 : 4943,00
0,0 1,0 0,9 : 4904,00
0,0 1,0 1,0 : 4904,00

0,1 0,9 0,0 : 4904,00
0,1 0,9 0,1 : 4951,00
0,1 0,9 0,2 : 4943,00
0,1 0,9 0,3 : 4951,00
0,1 0,9 0,4 : 4904,00
0,1 0,9 0,5 : 4904,00
0,1 0,9 0,6 : 4904,00
0,1 0,9 0,7 : 4951,00
0,1 0,9 0,8 : 4951,00
0,1 0,9 0,9 : 4904,00
0,1 0,9 1,0 : 4904,00

0,2 0,8 0,0 : 4904,00
0,2 0,8 0,1 : 4904,00
0,2 0,8 0,2 : 5078,00
0,2 0,8 0,3 : 4904,00
0,2 0,8 0,4 : 4904,00
0,2 0,8 0,5 : 4904,00
0,2 0,8 0,6 : 4904,00
0,2 0,8 0,7 : 4904,00
0,2 0,8 0,8 : 4904,00
0,2 0,8 0,9 : 4904,00
0,2 0,8 1,0 : 4904,00

0,3 0,7 0,0 : 4951,00
0,3 0,7 0,1 : 4943,00
0,3 0,7 0,2 : 4904,00
0,3 0,7 0,3 : 4904,00
0,3 0,7 0,4 : 4904,00
0,3 0,7 0,5 : 4943,00
0,3 0,7 0,6 : 4904,00
0,3 0,7 0,7 : 4904,00
0,3 0,7 0,8 : 4904,00
0,3 0,7 0,9 : 4904,00
0,3 0,7 1,0 : 4904,00

0,4 0,6 0,0 : 4904,00
0,4 0,6 0,1 : 4904,00
0,4 0,6 0,2 : 4904,00
0,4 0,6 0,3 : 4904,00
0,4 0,6 0,4 : 4904,00
0,4 0,6 0,5 : 4943,00
0,4 0,6 0,6 : 4904,00
0,4 0,6 0,7 : 4904,00
0,4 0,6 0,8 : 4904,00
0,4 0,6 0,9 : 4904,00
0,4 0,6 1,0 : 4943,00

0,5 0,5 0,0 : 4951,00
0,5 0,5 0,1 : 4964,00
0,5 0,5 0,2 : 4904,00
0,5 0,5 0,3 : 4904,00
0,5 0,5 0,4 : 4943,00
0,5 0,5 0,5 : 4904,00
0,5 0,5 0,6 : 4904,00
0,5 0,5 0,7 : 4904,00
0,5 0,5 0,8 : 4904,00
0,5 0,5 0,9 : 4904,00
0,5 0,5 1,0 : 4904,00

0,6 0,4 0,0 : 4951,00
0,6 0,4 0,1 : 4904,00
0,6 0,4 0,2 : 4904,00
0,6 0,4 0,3 : 4904,00
0,6 0,4 0,4 : 4904,00
0,6 0,4 0,5 : 4904,00
0,6 0,4 0,6 : 4904,00
0,6 0,4 0,7 : 4904,00
0,6 0,4 0,8 : 4904,00
0,6 0,4 0,9 : 4904,00
0,6 0,4 1,0 : 4904,00

0,7 0,3 0,0 : 4904,00
0,7 0,3 0,1 : 4904,00
0,7 0,3 0,2 : 4904,00
0,7 0,3 0,3 : 4904,00
0,7 0,3 0,4 : 4904,00
0,7 0,3 0,5 : 4904,00
0,7 0,3 0,6 : 4904,00
0,7 0,3 0,7 : 4904,00
0,7 0,3 0,8 : 4904,00
0,7 0,3 0,9 : 4904,00
0,7 0,3 1,0 : 4904,00

0,8 0,2 0,0 : 4904,00
0,8 0,2 0,1 : 4904,00
0,8 0,2 0,2 : 4904,00
0,8 0,2 0,3 : 4943,00
0,8 0,2 0,4 : 4904,00
0,8 0,2 0,5 : 4904,00
0,8 0,2 0,6 : 4904,00
0,8 0,2 0,7 : 4904,00
0,8 0,2 0,8 : 4904,00
0,8 0,2 0,9 : 4904,00
0,8 0,2 1,0 : 4904,00

0,9 0,1 0,0 : 5215,00
0,9 0,1 0,1 : 4904,00
0,9 0,1 0,2 : 4904,00
0,9 0,1 0,3 : 4943,00
0,9 0,1 0,4 : 4904,00
0,9 0,1 0,5 : 4904,00
0,9 0,1 0,6 : 4904,00
0,9 0,1 0,7 : 4904,00
0,9 0,1 0,8 : 4943,00
0,9 0,1 0,9 : 4904,00
0,9 0,1 1,0 : 4904,00

1,0 0,0 0,0 : 4904,00
1,0 0,0 0,1 : 5078,00
1,0 0,0 0,2 : 4904,00
1,0 0,0 0,3 : 4904,00
1,0 0,0 0,4 : 4904,00
1,0 0,0 0,5 : 4904,00
1,0 0,0 0,6 : 4904,00
1,0 0,0 0,7 : 4904,00
1,0 0,0 0,8 : 4943,00
1,0 0,0 0,9 : 4904,00
1,0 0,0 1,0 : 4904,00

0,2 0,8 0,8 : 4904,00
Path len: 4904
0 -> 6 -> 3 -> 7 -> 5 -> 8 -> 1 -> 9 -> 2 -> 4 -> 0

D:\Work\Analysis_of_Algorithms\lab6\src_lab6\x64\Release\src_lab6.exe (процесс 19780) завершил работу с кодом 0.
Нажмите любую клавишу, чтобы закрыть это окно…
